0.000000  1.00000e+00
0.001042  9.96799e-01
0.002083  9.87269e-01
0.003125  9.71573e-01
0.004167  9.50016e-01
0.005208  9.23027e-01
0.006250  8.91051e-01
0.007292  8.54684e-01
0.008333  8.14601e-01
0.009375  7.71402e-01
0.010417  7.25824e-01
0.011458  6.78620e-01
0.012500  6.30391e-01
0.013542  5.81847e-01
0.014583  5.33654e-01
0.015625  4.86285e-01
0.016667  4.40288e-01
0.017708  3.96136e-01
0.018750  3.54098e-01
0.019792  3.14497e-01
0.020833  2.77574e-01
0.021875  2.43392e-01
0.022917  2.12055e-01
0.023958  1.83597e-01
0.025000  1.57921e-01
0.026042  1.34968e-01
0.027083  1.14632e-01
0.028125  9.67223e-02
0.029167  8.10894e-02
0.030208  6.75606e-02
0.031250  5.59196e-02
0.032292  4.59885e-02
0.033333  3.75867e-02
0.034375  3.05177e-02
0.035417  2.46198e-02
0.036458  1.97391e-02
0.037500  1.57214e-02
0.038542  1.24415e-02
0.039583  9.78520e-03
0.040625  7.64509e-03
0.041667  5.93487e-03
0.042708  4.57893e-03
0.043750  3.50934e-03
0.044792  2.67240e-03
0.045833  2.02260e-03
0.046875  1.52061e-03
0.047917  1.13591e-03
0.048958  8.43348e-04
0.050000  6.21961e-04
0.051042  4.55759e-04
0.052083  3.31937e-04
0.053125  2.40137e-04
0.054167  1.72615e-04
0.055208  1.23326e-04
0.056250  8.75199e-05
0.057292  6.17126e-05
0.058333  4.32519e-05
0.059375  3.01096e-05
0.060417  2.08267e-05
0.061458  1.43188e-05
0.062500  9.77812e-06
0.063542  6.63465e-06
0.064583  4.47467e-06
0.065625  2.99748e-06
0.066667  1.99511e-06
0.067708  1.31998e-06
0.068750  8.67379e-07
0.069792  5.66327e-07
0.070833  3.67555e-07
0.071875  2.36926e-07
0.072917  1.51746e-07
0.073958  9.66115e-08
0.075000  6.10896e-08
0.076042  3.83814e-08
0.077083  2.39711e-08
0.078125  1.48687e-08
0.079167  9.16379e-09
0.080208  5.61432e-09
0.081250  3.41611e-09
0.082292  2.06529e-09
0.083333  1.24125e-09
0.084375  7.40867e-10
0.085417  4.39377e-10
0.086458  2.59042e-10
0.087500  1.51670e-10
0.088542  8.82358e-11
0.089583  5.10310e-11
0.090625  2.93097e-11
0.091667  1.67265e-11
0.092708  9.48963e-12
0.093750  5.34656e-12
0.094792  2.99305e-12
0.095833  1.66577e-12
0.096875  9.20637e-13
0.097917  5.05564e-13
0.098958  2.76015e-13
0.100000  1.49642e-13
0.101042  8.06100e-14
0.102083  4.31719e-14
0.103125  2.29599e-14
0.104167  1.21326e-14
0.105208  6.37414e-15
0.106250  3.32535e-15
0.107292  1.72373e-15
0.108333  8.88368e-16
0.109375  4.54629e-16
0.110417  2.31172e-16
0.111458  1.16873e-16
0.112500  5.86715e-17
0.113542  2.92653e-17
0.114583  1.45141e-17
0.115625  7.14741e-18
0.116667  3.49722e-18
0.117708  1.70143e-18
0.118750  8.21905e-19
0.119792  3.94497e-19
0.120833  1.88274e-19
0.121875  8.92166e-20
0.122917  4.20064e-20
0.123958  1.96661e-20
0.125000  9.14157e-21
0.126042  4.22220e-21
0.127083  1.93909e-21
0.128125  8.84194e-22
0.129167  4.00602e-22
0.130208  1.80479e-22
0.131250  8.07283e-23
0.132292  3.58789e-23
0.133333  1.58566e-23
0.134375  6.95753e-24
0.135417  3.03330e-24
0.136458  1.31505e-24
0.137500  5.66025e-25
0.138542  2.42072e-25
0.139583  1.02950e-25
0.140625  4.34678e-26
0.141667  1.82357e-26
0.142708  7.60784e-27
0.143750  3.15101e-27
0.144792  1.29674e-27
0.145833  5.30698e-28
0.146875  2.15618e-28
0.147917  8.70435e-29
0.148958  3.49450e-29
0.150000  1.39274e-29
0.151042  5.51531e-30
0.152083  2.17207e-30
0.153125  8.49194e-31
0.154167  3.29879e-31
0.155208  1.27443e-31
0.156250  4.88760e-32
0.157292  1.86248e-32
0.158333  7.05841e-33
0.159375  2.65543e-33
0.160417  9.92608e-34
0.161458  3.69020e-34
0.162500  1.36184e-34
0.163542  4.99363e-35
0.164583  1.82114e-35
0.165625  6.59276e-36
0.166667  2.37141e-36
0.167708  8.48378e-37
0.168750  3.01273e-37
0.169792  1.06303e-37
0.170833  3.73067e-38
0.171875  1.29959e-38
0.172917  4.49821e-39
0.173958  1.54858e-39
0.175000  5.29177e-40
0.176042  1.79673e-40
0.177083  6.06784e-41
0.178125  2.03399e-41
0.179167  6.77451e-42
0.180208  2.24432e-42
0.181250  7.37983e-43
0.182292  2.41115e-43
0.183333  7.83585e-44
0.184375  2.52753e-44
0.185417  8.10068e-45
0.186458  2.58250e-45
0.187500  8.17141e-46
0.188542  2.56903e-46
0.189583  8.03423e-47
0.190625  2.49373e-47
0.191667  7.69077e-48
0.192708  2.35939e-48
0.193750  7.18378e-49
0.194792  2.17331e-49
0.195833  6.54044e-50
0.196875  1.95347e-50
0.197917  5.79727e-51
0.198958  1.71145e-51
0.200000  5.01434e-52
0.201042  1.45975e-52
0.202083  4.22741e-53
0.203125  1.21499e-53
0.204167  3.46963e-54
0.205208  9.85679e-55
0.206250  2.77894e-55
0.207292  7.78465e-56
0.208333  2.16944e-56
0.209375  5.99984e-57
0.210417  1.64872e-57
0.211458  4.50724e-58
0.212500  1.22279e-58
0.213542  3.29614e-59
0.214583  8.83946e-60
0.215625  2.35241e-60
0.216667  6.22036e-61
0.217708  1.63641e-61
0.218750  4.27196e-62
0.219792  1.10810e-62
0.220833  2.85962e-63
0.221875  7.32305e-64
0.222917  1.86333e-64
0.223958  4.71712e-65
0.225000  1.18497e-65
0.226042  2.95770e-66
0.227083  7.34509e-67
0.228125  1.80999e-67
0.229167  4.43169e-68
0.230208  1.07961e-68
0.231250  2.60972e-69
0.232292  6.26810e-70
0.233333  1.49793e-70
0.234375  3.55193e-71
0.235417  8.36861e-72
0.236458  1.96184e-72
0.237500  4.56337e-73
0.238542  1.05468e-73
0.239583  2.42543e-74
0.240625  5.53425e-75
0.241667  1.25471e-75
0.242708  2.83051e-76
0.243750  6.33552e-77
0.244792  1.40901e-77
0.245833  3.11812e-78
0.246875  6.84633e-79
0.247917  1.49361e-79
0.248958  3.24243e-80
0.250000  6.98367e-81
0.251042  1.49455e-81
0.252083  3.18274e-82
0.253125  6.72453e-83
0.254167  1.41168e-83
0.255208  2.94905e-84
0.256250  6.11210e-85
0.257292  1.25868e-85
0.258333  2.57938e-86
0.259375  5.24410e-87
0.260417  1.05936e-87
0.261458  2.12960e-88
0.262500  4.24720e-89
0.263542  8.41630e-90
0.264583  1.65972e-90
0.265625  3.24702e-91
0.266667  6.31178e-92
0.267708  1.22101e-92
0.268750  2.34326e-93
0.269792  4.46821e-94
0.270833  8.47926e-95
0.271875  1.59626e-95
0.272917  2.98584e-96
0.273958  5.55836e-97
0.275000  1.02646e-97
0.276042  1.88344e-98
0.277083  3.43943e-99
0.278125  6.23060e-100
0.279167  1.12147e-100
0.280208  2.00899e-101
0.281250  3.57000e-102
0.282292  6.30339e-103
0.283333  1.10770e-103
0.284375  1.93090e-104
0.285417  3.34436e-105
0.286458  5.76521e-106
0.287500  9.85828e-107
0.288542  1.67495e-107
0.289583  2.83244e-108
0.290625  4.75110e-109
0.291667  7.91850e-110
0.292708  1.31358e-110
0.293750  2.16142e-111
0.294792  3.53374e-112
0.295833  5.75049e-113
0.296875  9.28184e-114
0.297917  1.48860e-114
0.298958  2.37632e-115
0.300000  3.76254e-116
0.301042  5.91933e-117
0.302083  9.26946e-118
0.303125  1.43972e-118
0.304167  2.22187e-119
0.305208  3.41316e-120
0.306250  5.20030e-121
0.307292  7.87256e-122
0.308333  1.18634e-122
0.309375  1.77308e-123
0.310417  2.63308e-124
0.311458  3.89236e-125
0.312500  5.70665e-126
0.313542  8.31312e-127
0.314583  1.20550e-127
0.315625  1.73374e-128
0.316667  2.47751e-129
0.317708  3.52432e-130
0.318750  4.97209e-131
0.319792  6.96975e-132
0.320833  9.72599e-133
0.321875  1.34600e-133
0.322917  1.85085e-134
0.323958  2.53363e-135
0.325000  3.43955e-136
0.326042  4.63955e-137
0.327083  6.23022e-138
0.328125  8.29679e-139
0.329167  1.09782e-139
0.330208  1.44616e-140
0.331250  1.88917e-141
0.332292  2.45211e-142
0.333333  3.16868e-143
0.334375  4.06051e-144
0.335417  5.17009e-145
0.336458  6.55380e-146
0.337500  8.23840e-147
0.338542  1.02898e-147
0.339583  1.27955e-148
0.340625  1.57782e-149
0.341667  1.93317e-150
0.342708  2.35817e-151
0.343750  2.85247e-152
0.344792  3.42832e-153
0.345833  4.10246e-154
0.346875  4.86785e-155
0.347917  5.73912e-156
0.348958  6.73696e-157
0.350000  7.84160e-158
0.351042  9.06902e-159
0.352083  1.04432e-159
0.353125  1.19240e-160
0.354167  1.35278e-161
0.355208  1.52812e-162
0.356250  1.71156e-163
0.357292  1.90478e-164
0.358333  2.11072e-165
0.359375  2.31907e-166
0.360417  2.53171e-167
0.361458  2.75204e-168
0.362500  2.96611e-169
0.363542  3.17639e-170
0.364583  3.38712e-171
0.365625  3.58105e-172
0.366667  3.76188e-173
0.367708  3.93512e-174
0.368750  4.08118e-175
0.369792  4.20560e-176
0.370833  4.31555e-177
0.371875  4.39047e-178
0.372917  4.43815e-179
0.373958  4.46752e-180
0.375000  4.45850e-181
0.376042  4.42107e-182
0.377083  4.36563e-183
0.378125  4.27384e-184
0.379167  4.15722e-185
0.380208  4.02698e-186
0.381250  3.86721e-187
0.382292  3.69004e-188
0.383333  3.50641e-189
0.384375  3.30316e-190
0.385417  3.09179e-191
0.386458  2.88203e-192
0.387500  2.66325e-193
0.388542  2.44535e-194
0.389583  2.23606e-195
0.390625  2.02696e-196
0.391667  1.82567e-197
0.392708  1.63765e-198
0.393750  1.45623e-199
0.394792  1.28663e-200
0.395833  1.13217e-201
0.396875  9.87569e-203
0.397917  8.55933e-204
0.398958  7.38839e-205
0.400000  6.32201e-206
0.401042  5.37496e-207
0.402083  4.55136e-208
0.403125  3.82027e-209
0.404167  3.18612e-210
0.405208  2.64657e-211
0.406250  2.17914e-212
0.407292  1.78279e-213
0.408333  1.45271e-214
0.409375  1.17335e-215
0.410417  9.41649e-217
0.411458  7.52701e-218
0.412500  5.96374e-219
0.413542  4.69494e-220
0.414583  3.68145e-221
0.415625  2.86130e-222
0.416667  2.20964e-223
0.417708  1.69968e-224
0.418750  1.29586e-225
0.419792  9.81668e-227
0.420833  7.40740e-228
0.421875  5.53994e-229
0.422917  4.11679e-230
0.423958  3.04730e-231
0.425000  2.23564e-232
0.426042  1.62969e-233
0.427083  1.18336e-234
0.428125  8.51632e-236
0.429167  6.08978e-237
0.430208  4.33780e-238
0.431250  3.06233e-239
0.432292  2.14808e-240
0.433333  1.50098e-241
0.434375  1.03945e-242
0.435417  7.15236e-244
0.436458  4.90263e-245
0.437500  3.33048e-246
0.438542  2.24802e-247
0.439583  1.51160e-248
0.440625  1.00731e-249
0.441667  6.66964e-251
0.442708  4.39940e-252
0.443750  2.87586e-253
0.444792  1.86791e-254
0.445833  1.20866e-255
0.446875  7.75040e-257
0.447917  4.93810e-258
0.448958  3.13446e-259
0.450000  1.97166e-260
0.451042  1.23230e-261
0.452083  7.67317e-263
0.453125  4.73469e-264
0.454167  2.90284e-265
0.455208  1.77312e-266
0.456250  1.07325e-267
0.457292  6.45479e-269
0.458333  3.86769e-270
0.459375  2.29649e-271
0.460417  1.35485e-272
0.461458  7.96375e-274
0.462500  4.63850e-275
0.463542  2.68443e-276
0.464583  1.54787e-277
0.465625  8.84386e-279
0.466667  5.02071e-280
0.467708  2.83989e-281
0.468750  1.59169e-282
0.469792  8.86397e-284
0.470833  4.91837e-285
0.471875  2.70411e-286
0.472917  1.47721e-287
0.473958  8.04067e-289
0.475000  4.33654e-290
0.476042  2.32386e-291
0.477083  1.24084e-292
0.478125  6.56467e-294
0.479167  3.45085e-295
0.480208  1.80754e-296
0.481250  9.38067e-298
0.482292  4.83721e-299
0.483333  2.48549e-300
0.484375  1.26534e-301
0.485417  6.40052e-303
0.486458  3.22617e-304
0.487500  1.61113e-305
0.488542  7.99441e-307
0.489583  3.95289e-308
0.490625  1.93644e-309
0.491667  9.42560e-311
0.492708  4.57186e-312
0.493750  2.19700e-313
0.494792  1.04902e-314
0.495833  4.99140e-316
0.496875  2.35292e-317
0.497917  1.10207e-318
0.498958  5.14421e-320
0.500000  2.37646e-321
