0.000000  1.00000e+00
0.001042  9.96908e-01
0.002083  9.87702e-01
0.003125  9.72533e-01
0.004167  9.51684e-01
0.005208  9.25558e-01
0.006250  8.94568e-01
0.007292  8.59275e-01
0.008333  8.20313e-01
0.009375  7.78246e-01
0.010417  7.33772e-01
0.011458  6.87609e-01
0.012500  6.40327e-01
0.013542  5.92610e-01
0.014583  5.45103e-01
0.015625  4.98265e-01
0.016667  4.52635e-01
0.017708  4.08683e-01
0.018750  3.66682e-01
0.019792  3.26964e-01
0.020833  2.89779e-01
0.021875  2.55207e-01
0.022917  2.23370e-01
0.023958  1.94322e-01
0.025000  1.67984e-01
0.026042  1.44316e-01
0.027083  1.23235e-01
0.028125  1.04565e-01
0.029167  8.81731e-02
0.030208  7.39018e-02
0.031250  6.15450e-02
0.032292  5.09352e-02
0.033333  4.18999e-02
0.034375  3.42462e-02
0.035417  2.78161e-02
0.036458  2.24575e-02
0.037500  1.80149e-02
0.038542  1.43617e-02
0.039583  1.13814e-02
0.040625  8.96227e-03
0.041667  7.01429e-03
0.042708  5.45771e-03
0.043750  4.21978e-03
0.044792  3.24277e-03
0.045833  2.47722e-03
0.046875  1.87995e-03
0.047917  1.41731e-03
0.048958  1.06139e-03
0.050000  7.88744e-04
0.051042  5.81442e-04
0.052083  4.25057e-04
0.053125  3.07792e-04
0.054167  2.20776e-04
0.055208  1.56977e-04
0.056250  1.10733e-04
0.057292  7.77794e-05
0.058333  5.47345e-05
0.059375  3.88918e-05
0.060417  2.81936e-05
0.061458  2.10295e-05
0.062500  1.61553e-05
0.063542  1.26697e-05
0.064583  9.93820e-06
0.065625  7.54791e-06
0.066667  5.28199e-06
0.067708  3.07034e-06
0.068750  9.42918e-07
0.069792  -9.98121e-07
0.070833  -2.62394e-06
0.071875  -3.81659e-06
0.072917  -4.48635e-06
0.073958  -4.59688e-06
0.075000  -4.17199e-06
0.076042  -3.29404e-06
0.077083  -2.09647e-06
0.078125  -7.41986e-07
0.079167  5.90952e-07
0.080208  1.73363e-06
0.081250  2.55059e-06
0.082292  2.94893e-06
0.083333  2.89321e-06
0.084375  2.40616e-06
0.085417  1.56430e-06
0.086458  4.87867e-07
0.087500  -6.80033e-07
0.088542  -1.78611e-06
0.089583  -2.68960e-06
0.090625  -3.28188e-06
0.091667  -3.49405e-06
0.092708  -3.30848e-06
0.093750  -2.75746e-06
0.094792  -1.91877e-06
0.095833  -9.05343e-07
0.096875  1.53918e-07
0.097917  1.12501e-06
0.098958  1.88887e-06
0.100000  2.35767e-06
0.101042  2.48064e-06
0.102083  2.25294e-06
0.103125  1.71299e-06
0.104167  9.37822e-07
0.105208  3.27337e-08
0.106250  -8.86041e-07
0.107292  -1.70107e-06
0.108333  -2.31132e-06
0.109375  -2.64556e-06
0.110417  -2.66719e-06
0.111458  -2.38074e-06
0.112500  -1.82829e-06
0.113542  -1.08488e-06
0.114583  -2.48319e-07
0.115625  5.76673e-07
0.116667  1.28698e-06
0.117708  1.79664e-06
0.118750  2.04814e-06
0.119792  2.01601e-06
0.120833  1.71180e-06
0.121875  1.17976e-06
0.122917  4.92321e-07
0.123958  -2.59832e-07
0.125000  -9.82137e-07
0.126042  -1.58382e-06
0.127083  -1.99162e-06
0.128125  -2.15918e-06
0.129167  -2.06990e-06
0.130208  -1.74053e-06
0.131250  -1.21635e-06
0.132292  -5.66797e-07
0.133333  1.24096e-07
0.134375  7.70888e-07
0.135417  1.29350e-06
0.136458  1.62946e-06
0.137500  1.74168e-06
0.138542  1.62070e-06
0.139583  1.28712e-06
0.140625  7.86552e-07
0.141667  1.85298e-07
0.142708  -4.38784e-07
0.143750  -1.00835e-06
0.144792  -1.45263e-06
0.145833  -1.71834e-06
0.146875  -1.77612e-06
0.147917  -1.62226e-06
0.148958  -1.28021e-06
0.150000  -7.95337e-07
0.151042  -2.30798e-07
0.152083  3.41270e-07
0.153125  8.50777e-07
0.154167  1.23512e-06
0.155208  1.44889e-06
0.156250  1.46925e-06
0.157292  1.29716e-06
0.158333  9.58165e-07
0.159375  4.97048e-07
0.160417  -2.61608e-08
0.161458  -5.44590e-07
0.162500  -9.94638e-07
0.163542  -1.32088e-06
0.164583  -1.48472e-06
0.165625  -1.46881e-06
0.166667  -1.27792e-06
0.167708  -9.39105e-07
0.168750  -4.96294e-07
0.169792  -6.47512e-09
0.170833  4.68340e-07
0.171875  8.70401e-07
0.172917  1.15063e-06
0.173958  1.27634e-06
0.175000  1.23488e-06
0.176042  1.03413e-06
0.177083  7.02189e-07
0.178125  2.81980e-07
0.179167  -1.72452e-07
0.180208  -6.03581e-07
0.181250  -9.58927e-07
0.182292  -1.19505e-06
0.183333  -1.28442e-06
0.184375  -1.21840e-06
0.185417  -1.00740e-06
0.186458  -6.80240e-07
0.187500  -2.78678e-07
0.188542  1.46058e-07
0.189583  5.40588e-07
0.190625  8.57215e-07
0.191667  1.05752e-06
0.192708  1.11852e-06
0.193750  1.03498e-06
0.194792  8.19451e-07
0.195833  5.01123e-07
0.196875  1.20556e-07
0.197917  -2.73728e-07
0.198958  -6.32190e-07
0.200000  -9.11472e-07
0.201042  -1.07765e-06
0.202083  -1.11175e-06
0.203125  -1.01148e-06
0.204167  -7.91097e-07
0.205208  -4.79990e-07
0.206250  -1.17440e-07
0.207292  2.50612e-07
0.208333  5.78188e-07
0.209375  8.25891e-07
0.210417  9.63844e-07
0.211458  9.76594e-07
0.212500  8.64411e-07
0.213542  6.42958e-07
0.214583  3.41614e-07
0.215625  -1.63107e-09
0.216667  -3.43304e-07
0.217708  -6.40735e-07
0.218750  -8.58144e-07
0.219792  -9.69304e-07
0.220833  -9.61894e-07
0.221875  -8.38388e-07
0.222917  -6.15586e-07
0.223958  -3.22725e-07
0.225000  3.51971e-09
0.226042  3.22027e-07
0.227083  5.93208e-07
0.228125  7.84605e-07
0.229167  8.73288e-07
0.230208  8.49723e-07
0.231250  7.18296e-07
0.232292  4.96720e-07
0.233333  2.13973e-07
0.234375  -9.45863e-08
0.235417  -3.90079e-07
0.236458  -6.35792e-07
0.237500  -8.02318e-07
0.238542  -8.69719e-07
0.239583  -8.30947e-07
0.240625  -6.92043e-07
0.241667  -4.71443e-07
0.242708  -1.97770e-07
0.243750  9.49279e-08
0.244792  3.69914e-07
0.245833  5.93160e-07
0.246875  7.38075e-07
0.247917  7.87439e-07
0.248958  7.36423e-07
0.250000  5.92506e-07
0.251042  3.74684e-07
0.252083  1.11147e-07
0.253125  -1.65355e-07
0.254167  -4.20129e-07
0.255208  -6.21662e-07
0.256250  -7.45960e-07
0.257292  -7.78283e-07
0.258333  -7.15787e-07
0.259375  -5.67193e-07
0.260417  -3.51918e-07
0.261458  -9.76576e-08
0.262500  1.64122e-07
0.263542  4.00678e-07
0.264583  5.82861e-07
0.265625  6.89078e-07
0.266667  7.06851e-07
0.267708  6.35116e-07
0.268750  4.83668e-07
0.269792  2.72226e-07
0.270833  2.79367e-08
0.271875  -2.18995e-07
0.272917  -4.37694e-07
0.273958  -6.01225e-07
0.275000  -6.90223e-07
0.276042  -6.94280e-07
0.277083  -6.13927e-07
0.278125  -4.59880e-07
0.279167  -2.52059e-07
0.280208  -1.70182e-08
0.281250  2.16278e-07
0.282292  4.18737e-07
0.283333  5.65511e-07
0.284375  6.39303e-07
0.285417  6.31597e-07
0.286458  5.44355e-07
0.287500  3.89086e-07
0.288542  1.85816e-07
0.289583  -3.95237e-08
0.290625  -2.59186e-07
0.291667  -4.45788e-07
0.292708  -5.76442e-07
0.293750  -6.35775e-07
0.294792  -6.17008e-07
0.295833  -5.23384e-07
0.296875  -3.67088e-07
0.297917  -1.68172e-07
0.298958  4.80823e-08
0.300000  2.55123e-07
0.301042  4.27201e-07
0.302083  5.43281e-07
0.303125  5.89778e-07
0.304167  5.61507e-07
0.305208  4.62858e-07
0.306250  3.06588e-07
0.307292  1.12708e-07
0.308333  -9.41738e-08
0.309375  -2.88675e-07
0.310417  -4.46611e-07
0.311458  -5.48696e-07
0.312500  -5.83010e-07
0.313542  -5.45830e-07
0.314583  -4.42577e-07
0.315625  -2.86481e-07
0.316667  -9.74530e-08
0.317708  1.00590e-07
0.318750  2.83409e-07
0.319792  4.28321e-07
0.320833  5.17690e-07
0.321875  5.41151e-07
0.322917  4.96323e-07
0.323958  3.89546e-07
0.325000  2.34443e-07
0.326042  5.07704e-08
0.327083  -1.38260e-07
0.328125  -3.09527e-07
0.329167  -4.41786e-07
0.330208  -5.18962e-07
0.331250  -5.32142e-07
0.332292  -4.80175e-07
0.333333  -3.70222e-07
0.334375  -2.16222e-07
0.335417  -3.77314e-08
0.336458  1.42755e-07
0.337500  3.03207e-07
0.338542  4.23762e-07
0.339583  4.89820e-07
0.340625  4.93822e-07
0.341667  4.35750e-07
0.342708  3.23494e-07
0.343750  1.71241e-07
0.344792  -1.69690e-09
0.345833  -1.73546e-07
0.346875  -3.23343e-07
0.347917  -4.32550e-07
0.348958  -4.87965e-07
0.350000  -4.83294e-07
0.351042  -4.19556e-07
0.352083  -3.05287e-07
0.353125  -1.54863e-07
0.354167  1.26868e-08
0.355208  1.76314e-07
0.356250  3.16098e-07
0.357292  4.14773e-07
0.358333  4.60458e-07
0.359375  4.48041e-07
0.360417  3.79495e-07
0.361458  2.63926e-07
0.362500  1.15838e-07
0.363542  -4.60506e-08
0.364583  -2.01422e-07
0.365625  -3.31370e-07
0.366667  -4.19851e-07
0.367708  -4.56238e-07
0.368750  -4.36523e-07
0.369792  -3.63548e-07
0.370833  -2.46922e-07
0.371875  -1.01229e-07
0.372917  5.51561e-08
0.373958  2.02644e-07
0.375000  3.23323e-07
0.376042  4.02319e-07
0.377083  4.30193e-07
0.378125  4.03967e-07
0.379167  3.27284e-07
0.380208  2.10187e-07
0.381250  6.72913e-08
0.382292  -8.33919e-08
0.383333  -2.23005e-07
0.384375  -3.34602e-07
0.385417  -4.04435e-07
0.386458  -4.24190e-07
0.387500  -3.91851e-07
0.388542  -3.11790e-07
0.389583  -1.94427e-07
0.390625  -5.43681e-08
0.391667  9.07653e-08
0.392708  2.22843e-07
0.393750  3.25860e-07
0.394792  3.87153e-07
0.395833  3.99470e-07
0.396875  3.61695e-07
0.397917  2.78865e-07
0.398958  1.61720e-07
0.400000  2.48191e-08
0.401042  -1.14625e-07
0.402083  -2.39206e-07
0.403125  -3.33838e-07
0.404167  -3.86894e-07
0.405208  -3.92134e-07
0.406250  -3.49278e-07
0.407292  -2.63969e-07
0.408333  -1.47215e-07
0.409375  -1.34934e-08
0.410417  1.20409e-07
0.411458  2.37806e-07
0.412500  3.24504e-07
0.413542  3.69875e-07
0.414583  3.68634e-07
0.415625  3.21283e-07
0.416667  2.34013e-07
0.417708  1.18054e-07
0.418750  -1.22324e-08
0.419792  -1.40499e-07
0.420833  -2.50774e-07
0.421875  -3.29734e-07
0.422917  -3.67709e-07
0.423958  -3.60318e-07
0.425000  -3.08790e-07
0.426042  -2.19812e-07
0.427083  -1.04793e-07
0.428125  2.20519e-08
0.429167  1.44826e-07
0.430208  2.48269e-07
0.431250  3.19902e-07
0.432292  3.50973e-07
0.433333  3.37959e-07
0.434375  2.82765e-07
0.435417  1.92524e-07
0.436458  7.87809e-08
0.437500  -4.44188e-08
0.438542  -1.61644e-07
0.439583  -2.58334e-07
0.440625  -3.22835e-07
0.441667  -3.47275e-07
0.442708  -3.28942e-07
0.443750  -2.70369e-07
0.444792  -1.79087e-07
0.445833  -6.67415e-08
0.446875  5.28192e-08
0.447917  1.64637e-07
0.448958  2.54844e-07
0.450000  3.12587e-07
0.451042  3.30840e-07
0.452083  3.07658e-07
0.453125  2.46153e-07
0.454167  1.54212e-07
0.455208  4.35446e-08
0.456250  -7.22186e-08
0.457292  -1.78602e-07
0.458333  -2.62420e-07
0.459375  -3.13600e-07
0.460417  -3.25925e-07
0.461458  -2.98173e-07
0.462500  -2.33995e-07
0.463542  -1.41591e-07
0.464583  -3.27023e-08
0.465625  7.92802e-08
0.466667  1.80368e-07
0.467708  2.58052e-07
0.468750  3.03012e-07
0.469792  3.09811e-07
0.470833  2.77908e-07
0.471875  2.11452e-07
0.472917  1.18915e-07
0.473958  1.20399e-08
0.475000  -9.60398e-08
0.476042  -1.91828e-07
0.477083  -2.63482e-07
0.478125  -3.02415e-07
0.479167  -3.03933e-07
0.480208  -2.68138e-07
0.481250  -1.99636e-07
0.482292  -1.07138e-07
0.483333  -2.35728e-09
0.484375  1.01847e-07
0.485417  1.92474e-07
0.486458  2.58339e-07
0.487500  2.91564e-07
0.488542  2.88167e-07
0.489583  2.48857e-07
0.490625  1.78658e-07
0.491667  8.64841e-08
0.492708  -1.60060e-08
0.493750  -1.16243e-07
0.494792  -2.01726e-07
0.495833  -2.61914e-07
0.496875  -2.89619e-07
0.497917  -2.81540e-07
0.498958  -2.38954e-07
0.500000  -1.67269e-07
